Base: 6
Sidelength: 36
no zeros: 400
13 0 2 22 0 0 | 25 21 11 0 7 15 | 30 14 19 35 9 32 | 26 31 0 27 4 18 | 28 34 17 0 29 1 | 33 0 23 0 5 0
0 0 30 0 0 0 | 6 17 29 0 0 0 | 0 15 7 16 0 21 | 0 0 0 22 12 2 | 5 33 23 10 8 0 | 27 0 31 26 0 18
6 0 0 0 0 0 | 26 31 18 27 36 4 | 8 3 5 33 10 23 | 0 21 7 16 15 11 | 20 0 24 13 0 12 | 35 14 0 9 19 0
25 21 11 0 0 0 | 10 23 8 33 5 3 | 29 0 28 34 0 17 | 9 0 19 35 14 30 | 0 27 31 0 18 0 | 22 12 24 13 0 0
26 0 0 0 36 4 | 9 32 0 0 19 0 | 2 12 0 0 13 24 | 10 0 5 0 0 0 | 7 16 21 25 11 0 | 0 1 0 6 28 0
10 0 0 0 5 3 | 13 0 0 22 20 0 | 18 4 0 27 26 31 | 6 17 0 34 0 29 | 19 35 32 9 30 0 | 16 15 21 25 7 11
-----------------------------------------------------------------------------
0 16 25 0 0 19 | 29 0 10 17 3 28 | 0 7 0 0 0 0 | 0 35 14 24 20 0 | 0 23 27 0 26 0 | 31 36 0 0 12 13
11 34 6 21 1 7 | 8 0 26 23 4 5 | 0 28 3 17 0 0 | 30 16 15 32 19 25 | 12 31 22 18 0 36 | 24 20 35 2 14 9
0 35 9 24 14 20 | 11 34 6 21 1 0 | 25 19 15 0 30 16 | 18 0 12 0 0 13 | 0 17 0 29 0 28 | 23 5 0 8 4 26
0 22 0 31 12 0 | 30 16 25 32 15 19 | 9 0 14 24 2 0 | 8 27 4 0 5 26 | 0 0 34 11 6 0 | 0 28 0 0 3 10
29 33 10 17 3 28 | 0 0 13 31 12 0 | 0 5 4 23 0 27 | 0 34 1 0 7 0 | 14 24 35 2 0 20 | 32 0 16 30 15 0
0 0 26 23 4 0 | 2 35 9 0 0 20 | 13 0 12 31 18 0 | 29 33 0 17 28 10 | 0 32 16 0 25 19 | 21 7 34 0 0 0
-----------------------------------------------------------------------------
22 20 24 12 13 18 | 16 7 21 15 0 30 | 32 2 9 14 35 19 | 27 36 26 4 0 31 | 6 1 28 34 0 11 | 3 0 5 0 10 23
0 5 23 0 10 29 | 0 20 24 12 13 0 | 0 8 26 4 0 36 | 34 28 6 1 11 0 | 9 0 19 35 32 0 | 15 30 7 16 0 0
0 28 0 0 0 11 | 27 0 31 0 26 8 | 0 29 10 3 33 5 | 16 7 25 15 30 21 | 13 12 0 22 24 18 | 14 2 0 35 9 32
0 0 32 14 9 2 | 34 28 17 1 6 0 | 21 0 25 15 16 0 | 22 0 13 12 18 24 | 0 0 0 33 23 29 | 4 8 36 27 26 31
27 36 31 0 26 8 | 35 0 0 14 9 0 | 24 18 13 12 22 20 | 0 5 10 3 29 23 | 25 15 7 16 0 30 | 1 11 28 0 6 17
0 7 0 0 25 0 | 0 0 0 0 10 29 | 17 11 6 1 34 28 | 35 0 9 14 2 0 | 26 4 36 0 0 8 | 0 0 20 22 0 24
-----------------------------------------------------------------------------
28 29 3 6 17 0 | 0 18 0 26 0 27 | 4 33 23 0 0 0 | 0 11 21 25 16 1 | 24 0 0 20 14 22 | 9 0 0 19 32 0
36 18 12 26 0 27 | 0 0 15 9 32 35 | 0 22 24 13 20 2 | 5 8 23 10 0 0 | 21 25 11 7 1 0 | 0 34 29 28 17 3
5 8 4 10 23 0 | 20 0 14 0 24 22 | 12 27 0 26 0 18 | 28 29 0 0 34 3 | 0 9 30 0 0 35 | 25 0 11 7 0 0
20 0 14 13 24 0 | 7 0 0 0 21 16 | 0 35 32 9 19 0 | 36 0 31 26 0 12 | 17 0 0 0 3 34 | 10 33 0 5 23 4
7 11 0 25 0 16 | 5 8 0 10 23 33 | 0 34 17 6 28 0 | 19 0 32 0 35 0 | 0 0 0 36 12 27 | 13 22 0 0 24 14
0 30 0 9 0 0 | 28 29 3 0 17 0 | 0 0 21 25 7 11 | 0 2 0 0 22 14 | 0 10 8 5 4 33 | 0 0 18 36 31 12
-----------------------------------------------------------------------------
23 4 27 5 0 10 | 24 14 35 20 2 13 | 22 26 18 0 31 12 | 17 3 0 28 6 0 | 30 19 15 32 16 9 | 7 0 0 21 11 34
24 14 35 20 0 13 | 21 0 34 7 11 25 | 16 9 30 19 32 0 | 0 0 18 36 26 22 | 29 28 0 17 33 6 | 5 10 0 0 0 0
0 0 34 7 11 25 | 23 4 27 5 8 10 | 0 6 29 28 17 3 | 32 15 30 0 9 16 | 18 36 12 31 22 26 | 20 13 14 24 2 0
0 15 0 19 30 9 | 0 3 0 28 29 0 | 34 0 11 7 21 0 | 0 0 0 0 13 35 | 0 5 4 0 27 10 | 0 0 12 31 18 22
31 0 0 0 18 0 | 32 0 0 19 0 9 | 35 13 0 20 0 14 | 23 4 0 0 0 27 | 11 0 1 21 34 25 | 28 6 0 17 29 0
17 3 33 28 29 0 | 31 12 22 0 18 26 | 0 10 8 5 23 4 | 21 1 11 0 0 34 | 0 20 14 24 0 13 | 19 9 15 32 30 16
-----------------------------------------------------------------------------
14 9 19 2 35 0 | 1 6 28 11 0 21 | 7 0 0 30 0 25 | 12 13 0 18 31 20 | 33 0 10 3 5 17 | 8 23 0 4 0 36
3 10 0 29 0 17 | 0 13 0 18 22 0 | 36 23 27 8 0 0 | 1 6 34 11 0 28 | 35 0 9 14 19 24 | 30 32 0 0 0 7
4 26 36 8 27 23 | 14 9 19 2 35 24 | 20 0 0 0 12 0 | 3 10 0 0 0 5 | 0 30 25 15 0 32 | 0 21 0 1 0 0
12 13 20 0 22 0 | 15 25 7 30 0 0 | 19 0 0 0 0 9 | 0 26 27 0 23 36 | 34 0 6 1 28 0 | 0 17 10 0 33 5
1 0 28 11 0 0 | 4 26 36 8 27 23 | 5 17 0 29 3 10 | 15 25 0 30 32 0 | 22 0 0 0 20 0 | 2 24 9 14 0 19
15 25 0 0 16 32 | 0 10 5 0 0 17 | 28 0 0 11 0 6 | 14 9 35 0 24 0 | 27 8 26 0 36 0 | 0 31 0 12 22 20
____________________________________________________________________________________________________________________________________________________________________________________
Solved board
13 0 2 22 0 0 | 25 21 11 0 7 15 | 30 14 19 35 9 32 | 26 31 0 27 4 18 | 28 34 17 0 29 1 | 33 0 23 0 5 0
0 0 30 0 0 0 | 6 17 29 0 0 0 | 0 15 7 16 0 21 | 0 0 0 22 12 2 | 5 33 23 10 8 0 | 27 0 31 26 0 18
6 0 0 0 0 0 | 26 31 18 27 36 4 | 8 3 5 33 10 23 | 0 21 7 16 15 11 | 20 0 24 13 0 12 | 35 14 0 9 19 0
25 21 11 0 0 0 | 10 23 8 33 5 3 | 29 0 28 34 0 17 | 9 0 19 35 14 30 | 0 27 31 0 18 0 | 22 12 24 13 0 0
26 0 0 0 36 4 | 9 32 0 0 19 0 | 2 12 0 0 13 24 | 10 0 5 0 0 0 | 7 16 21 25 11 0 | 0 1 0 6 28 0
10 0 0 0 5 3 | 13 0 0 22 20 0 | 18 4 0 27 26 31 | 6 17 0 34 0 29 | 19 35 32 9 30 0 | 16 15 21 25 7 11
-----------------------------------------------------------------------------
0 16 25 0 0 19 | 29 0 10 17 3 28 | 0 7 0 0 0 0 | 0 35 14 24 20 0 | 0 23 27 0 26 0 | 31 36 0 0 12 13
11 34 6 21 1 7 | 8 0 26 23 4 5 | 0 28 3 17 0 0 | 30 16 15 32 19 25 | 12 31 22 18 0 36 | 24 20 35 2 14 9
0 35 9 24 14 20 | 11 34 6 21 1 0 | 25 19 15 0 30 16 | 18 0 12 0 0 13 | 0 17 0 29 0 28 | 23 5 0 8 4 26
0 22 0 31 12 0 | 30 16 25 32 15 19 | 9 0 14 24 2 0 | 8 27 4 0 5 26 | 0 0 34 11 6 0 | 0 28 0 0 3 10
29 33 10 17 3 28 | 0 0 13 31 12 0 | 0 5 4 23 0 27 | 0 34 1 0 7 0 | 14 24 35 2 0 20 | 32 0 16 30 15 0
0 0 26 23 4 0 | 2 35 9 0 0 20 | 13 0 12 31 18 0 | 29 33 0 17 28 10 | 0 32 16 0 25 19 | 21 7 34 0 0 0
-----------------------------------------------------------------------------
22 20 24 12 13 18 | 16 7 21 15 0 30 | 32 2 9 14 35 19 | 27 36 26 4 0 31 | 6 1 28 34 0 11 | 3 0 5 0 10 23
0 5 23 0 10 29 | 0 20 24 12 13 0 | 0 8 26 4 0 36 | 34 28 6 1 11 0 | 9 0 19 35 32 0 | 15 30 7 16 0 0
0 28 0 0 0 11 | 27 0 31 0 26 8 | 0 29 10 3 33 5 | 16 7 25 15 30 21 | 13 12 0 22 24 18 | 14 2 0 35 9 32
0 0 32 14 9 2 | 34 28 17 1 6 0 | 21 0 25 15 16 0 | 22 0 13 12 18 24 | 0 0 0 33 23 29 | 4 8 36 27 26 31
27 36 31 0 26 8 | 35 0 0 14 9 0 | 24 18 13 12 22 20 | 0 5 10 3 29 23 | 25 15 7 16 0 30 | 1 11 28 0 6 17
0 7 0 0 25 0 | 0 0 0 0 10 29 | 17 11 6 1 34 28 | 35 0 9 14 2 0 | 26 4 36 0 0 8 | 0 0 20 22 0 24
-----------------------------------------------------------------------------
28 29 3 6 17 0 | 0 18 0 26 0 27 | 4 33 23 0 0 0 | 0 11 21 25 16 1 | 24 0 0 20 14 22 | 9 0 0 19 32 0
36 18 12 26 0 27 | 0 0 15 9 32 35 | 0 22 24 13 20 2 | 5 8 23 10 0 0 | 21 25 11 7 1 0 | 0 34 29 28 17 3
5 8 4 10 23 0 | 20 0 14 0 24 22 | 12 27 0 26 0 18 | 28 29 0 0 34 3 | 0 9 30 0 0 35 | 25 0 11 7 0 0
20 0 14 13 24 0 | 7 0 0 0 21 16 | 0 35 32 9 19 0 | 36 0 31 26 0 12 | 17 0 0 0 3 34 | 10 33 0 5 23 4
7 11 0 25 0 16 | 5 8 0 10 23 33 | 0 34 17 6 28 0 | 19 0 32 0 35 0 | 0 0 0 36 12 27 | 13 22 0 0 24 14
0 30 0 9 0 0 | 28 29 3 0 17 0 | 0 0 21 25 7 11 | 0 2 0 0 22 14 | 0 10 8 5 4 33 | 0 0 18 36 31 12
-----------------------------------------------------------------------------
23 4 27 5 0 10 | 24 14 35 20 2 13 | 22 26 18 0 31 12 | 17 3 0 28 6 0 | 30 19 15 32 16 9 | 7 0 0 21 11 34
24 14 35 20 0 13 | 21 0 34 7 11 25 | 16 9 30 19 32 0 | 0 0 18 36 26 22 | 29 28 0 17 33 6 | 5 10 0 0 0 0
0 0 34 7 11 25 | 23 4 27 5 8 10 | 0 6 29 28 17 3 | 32 15 30 0 9 16 | 18 36 12 31 22 26 | 20 13 14 24 2 0
0 15 0 19 30 9 | 0 3 0 28 29 0 | 34 0 11 7 21 0 | 0 0 0 0 13 35 | 0 5 4 0 27 10 | 0 0 12 31 18 22
31 0 0 0 18 0 | 32 0 0 19 0 9 | 35 13 0 20 0 14 | 23 4 0 0 0 27 | 11 0 1 21 34 25 | 28 6 0 17 29 0
17 3 33 28 29 0 | 31 12 22 0 18 26 | 0 10 8 5 23 4 | 21 1 11 0 0 34 | 0 20 14 24 0 13 | 19 9 15 32 30 16
-----------------------------------------------------------------------------
14 9 19 2 35 0 | 1 6 28 11 0 21 | 7 0 0 30 0 25 | 12 13 0 18 31 20 | 33 0 10 3 5 17 | 8 23 0 4 0 36
3 10 0 29 0 17 | 0 13 0 18 22 0 | 36 23 27 8 0 0 | 1 6 34 11 0 28 | 35 0 9 14 19 24 | 30 32 0 0 0 7
4 26 36 8 27 23 | 14 9 19 2 35 24 | 20 0 0 0 12 0 | 3 10 0 0 0 5 | 0 30 25 15 0 32 | 0 21 0 1 0 0
12 13 20 0 22 0 | 15 25 7 30 0 0 | 19 0 0 0 0 9 | 0 26 27 0 23 36 | 34 0 6 1 28 0 | 0 17 10 0 33 5
1 0 28 11 0 0 | 4 26 36 8 27 23 | 5 17 0 29 3 10 | 15 25 0 30 32 0 | 22 0 0 0 20 0 | 2 24 9 14 0 19
15 25 0 0 16 32 | 0 10 5 0 0 17 | 28 0 0 11 0 6 | 14 9 35 0 24 0 | 27 8 26 0 36 0 | 0 31 0 12 22 20
Time taken: 0.001254 seconds 
Veryfing board...
Invalid solution
